initial_pose:
  x: 0.08419444608679591
  y: 0.04840588571692538
  a: 0.523646922543433
