initial_pose:
  x: 1.5996047072614559
  y: 0.9209437945821816
  a: 1.7077898638055338
