initial_pose:
  x: 0.08418796706017233
  y: 0.048766012600498475
  a: 0.3273816225211431
