initial_pose:
  x: 0.08309046706017233
  y: 0.04716688260049848
  a: 1.0467511417488224
