initial_pose:
  x: 0.08317266706017235
  y: 0.04722020260049847
  a: 0.991779524743062
