initial_pose:
  x: 0.0217648
  y: -0.00940835
  a: 0.7806760993581313