initial_pose:
  x: 0.08238766706017234
  y: 0.04674959260049848
  a: 1.327330881392742
