initial_pose:
  x: -0.18917833998400424
  y: -0.0338805349582437
  a: 0.10678203797921354
