initial_pose:
  x: 0.08097925102815769
  y: 0.05568718053155008
  a: -1.4330498877355637
