initial_pose:
  x: 0.08436541410697102
  y: 0.05234566272611157
  a: -0.6861338198002167
