initial_pose:
  x: 0.10377783855740137
  y: 0.04912263629116107
  a: -1.1809311565336216
