initial_pose:
  x: 0.0210306
  y: -0.00819058
  a: 0.4844506435837386
