initial_pose:
  x: 0.08438786706017233
  y: 0.04867615260049847
  a: 0.4278629228714272
