initial_pose:
  x: 0.021050100000000002
  y: -0.00815348
  a: 0.4617819512987072
