initial_pose:
  x: 0.08368352567724953
  y: 0.051154767540070305
  a: -0.036925147912162205
