initial_pose:
  x: -0.15616788661036007
  y: -0.007294822365298006
  a: -0.114250049992567
