initial_pose:
  x: 0.08310626706017234
  y: 0.047177212600498473
  a: 1.035778664364032
