initial_pose:
  x: 0.08422626756043963
  y: 0.052465986495812134
  a: -0.7870370155672147
