initial_pose:
<<<<<<< HEAD
  x: -0.18598298111752087
  y: -0.025374608407444085
  a: -0.2635419303904966
=======
  x: -0.18917833998400424
  y: -0.0338805349582437
  a: 0.10678203797921354
>>>>>>> dbb1353ace00ad7ed17a5506802f12ef44de8756
