initial_pose:
<<<<<<< HEAD
  x: 0.14490541203050536
  y: 0.03134222290178632
  a: 0.02482970906434774
=======
  x: 0.08436541410697102
  y: 0.05234566272611157
  a: -0.6861338198002167
>>>>>>> 046abdbf88fce55a51c24f7f9df01cbe88d34ed6
