initial_pose:
  x: 0.011124813795660202
  y: -0.08093903134710785
  a: 1.132533342175145e-15
