initial_pose:
  x: 0.020968200000000003
  y: -0.008301389999999999
  a: 0.5418323941407661
