initial_pose:
  x: 0.08415826706017233
  y: 0.04875779260049848
  a: 0.42113291614594267
