initial_pose:
  x: -0.09880380725443498
  y: -0.011664221394332062
  a: 0.4343327529876818
