initial_pose:
  x: 0.08436792434476574
  y: 0.0508488655363294
  a: 0.045006442145767336
