initial_pose:
  x: 0.14490541203050536
  y: 0.03134222290178632
  a: 0.02482970906434774
