initial_pose:
<<<<<<< HEAD
  x: 0.0217648
  y: -0.00940835
  a: 0.7806760993581313
=======
  x: 1.676129708308764
  y: 0.8701770648829898
  a: 1.2096520446054357
>>>>>>> e51a3d885526efaf7f4f771560f1af1b4fe377f3
