initial_pose:
  x: 0.1032336802845451
  y: 0.04967945033619532
  a: -1.2528667275627434
