initial_pose:
<<<<<<< HEAD
  x: 0.08368352567724953
  y: 0.051154767540070305
  a: -0.036925147912162205
=======
  x: 0.10377783855740137
  y: 0.04912263629116107
  a: -1.1809311565336216
>>>>>>> 885e9935f846492208ea09fa87a2e245fd04858b
