initial_pose:
  x: 0.08226536706017233
  y: 0.04680759260049847
  a: 1.2364617582072222
