initial_pose:
  x: 0.0320671
  y: -0.0279701
  a: 1.2795809055115899
