initial_pose:
  x: 1.6787912573736972
  y: 0.8667024406307149
  a: 1.1729246190762947
