initial_pose:
  x: -0.18598298111752087
  y: -0.025374608407444085
  a: -0.2635419303904966
