initial_pose:
  x: 0.08403078667930496
  y: 0.05153101562814144
  a: -0.0433140506261912
