initial_pose:
  x: 0.08018500416667056
  y: 0.0557895743132406
  a: -1.766192243341953
