initial_pose:
  x: -0.18891128251296202
  y: -0.037749506612787094
  a: 1.8464691307691316e-07
