initial_pose:
  x: 0.10570191243091966
  y: 0.04563043584710132
  a: -0.514971076402475
